No errors, program is syntactically correct.


Initial Values				PC	BP	SP
1	jmp	0	0	261	261	1	0	0
262	inc	0	0	19	262	1	19	0	0	0	0	0	0	0	0	0	0	0	0	0	0	0	0	0	0	0	0
263	lit	0	0	10	263	1	19	0	0	0	0	0	0	0	0	0	0	0	0	0	0	0	0	0	0	0	0
264	inc	0	0	1	264	1	20	0	0	0	0	0	0	0	0	0	0	0	0	0	0	0	0	0	0	0	0	0
265	sto	0	0	20	265	1	20	0	0	0	0	0	0	0	0	0	0	0	0	0	0	0	0	0	0	0	0	0
266	lit	0	0	2	266	1	20	0	0	0	0	0	0	0	0	0	0	0	0	0	0	0	0	0	0	0	0	0
267	inc	0	0	1	267	1	21	0	0	0	0	0	0	0	0	0	0	0	0	0	0	0	0	0	0	0	0	0	10
268	sto	0	0	21	268	1	21	0	0	0	0	0	0	0	0	0	0	0	0	0	0	0	0	0	0	0	0	0	10
269	lod	7	0	21	269	1	21	0	0	0	0	0	0	0	0	0	0	0	0	0	0	0	0	0	0	0	0	0	10
270	lod	8	0	20	270	1	21	0	0	0	0	0	0	0	0	0	0	0	0	0	0	0	0	0	0	0	0	0	10
271	div	8	8	7	271	1	21	0	0	0	0	0	0	0	0	0	0	0	0	0	0	0	0	0	0	0	0	0	10
272	sto	8	0	21	272	1	21	0	0	0	0	0	0	0	0	0	0	0	0	0	0	0	0	0	0	0	0	0	10
273	lod	0	0	21	273	1	21	0	0	0	0	0	0	0	0	0	0	0	0	0	0	0	0	0	0	0	0	0	10
274	sto	0	0	5	274	1	21	0	0	0	0	0	0	5	0	0	0	0	0	0	0	0	0	0	0	0	0	0	10
275	lod	0	0	5	275	1	21	0	0	0	0	0	0	5	0	0	0	0	0	0	0	0	0	0	0	0	0	0	10
5
276	sio	0	0	1	276	1	21	0	0	0	0	0	0	5	0	0	0	0	0	0	0	0	0	0	0	0	0	0	10
277	rtn	0	0	0	0	0	0	0
